default
65.000000
0.800000
0.800000
0.800000
1.000000
0.200000
0.200000
0.200000
1.000000
0.000000
0.000000
0.000000
1.000000
Material.001
0.128000
0.640000
0.033893
0.050193
1.000000
0.000000
0.000000
0.000000
1.000000
0.500000
0.500000
0.500000
1.000000
Material.002
0.128000
0.150811
0.043582
0.640000
1.000000
0.000000
0.000000
0.000000
1.000000
0.500000
0.500000
0.500000
1.000000
Material.003
0.128000
0.158629
0.640000
0.024534
1.000000
0.000000
0.000000
0.000000
1.000000
0.500000
0.500000
0.500000
1.000000
Material.004
0.128000
0.177938
0.607375
0.640000
1.000000
0.000000
0.000000
0.000000
1.000000
0.500000
0.500000
0.500000
1.000000
Material.005
0.128000
0.640000
0.000000
0.626090
1.000000
0.000000
0.000000
0.000000
1.000000
0.500000
0.500000
0.500000
1.000000
default
65.000000
0.800000
0.800000
0.800000
1.000000
0.200000
0.200000
0.200000
1.000000
0.000000
0.000000
0.000000
1.000000
Material.001
0.128000
0.640000
0.567496
0.049471
1.000000
0.000000
0.000000
0.000000
1.000000
0.500000
0.500000
0.500000
1.000000
Material.002
0.128000
0.040841
0.098035
0.640000
1.000000
0.000000
0.000000
0.000000
1.000000
0.500000
0.500000
0.500000
1.000000
Material.003
0.128000
0.050644
0.640000
0.615546
1.000000
0.000000
0.000000
0.000000
1.000000
0.500000
0.500000
0.500000
1.000000
Material.004
0.128000
0.029822
0.640000
0.211188
1.000000
0.000000
0.000000
0.000000
1.000000
0.500000
0.500000
0.500000
1.000000
Material.005
0.128000
0.387743
0.004854
0.640000
1.000000
0.000000
0.000000
0.000000
1.000000
0.500000
0.500000
0.500000
1.000000
default
65.000000
0.800000
0.800000
0.800000
1.000000
0.200000
0.200000
0.200000
1.000000
0.000000
0.000000
0.000000
1.000000
Material.001
0.128000
0.029958
0.512000
0.413465
1.000000
0.000000
0.000000
0.000000
1.000000
0.500000
0.500000
0.500000
1.000000
Material.002
0.128000
0.019627
0.512000
0.142721
1.000000
0.000000
0.000000
0.000000
1.000000
0.500000
0.500000
0.500000
1.000000
Material.003
0.128000
0.109922
0.178136
0.512000
1.000000
0.000000
0.000000
0.000000
1.000000
0.500000
0.500000
0.500000
1.000000
Material.004
0.128000
0.512000
0.489768
0.032916
1.000000
0.000000
0.000000
0.000000
1.000000
0.500000
0.500000
0.500000
1.000000
Material.005
0.128000
0.061802
0.142054
0.512000
1.000000
0.000000
0.000000
0.000000
1.000000
0.500000
0.500000
0.500000
1.000000
-1
-1
-1
-1
-1
-1
-1
-1
-1
-1
-1
-1
-1
-1
-1
-1
-1
-1
-1
-1
-1
-1
-1
-1
-1
-1
-1
-1
-1
-1
-1
-1
-1
-1
-1
-1
-1
-1
-1
-1
-1
-1
-1
-1
-1
-1
-1
-1
-1
-1
-1
-1
-1
-1
-1
-1
-1
-1
-1
-1
-1
-1
-1
-1
-1
-1
-1
-1
-1
-1
-1
-1
-1
-1
-1
-1
-1
-1
-1
-1
-1
-1
-1
-1
-1
-1
-1
-1
-1
-1
-1
-1
-1
-1
-1
-1
-1
-1
-1
-1
-1
-1
-1
-1
-1
-1
-1
-1
-1
-1
-1
-1
-1
-1
-1
-1
-1
-1
-1
-1
-1
-1
-1
61
-1
-1
-1
-1
-1
-1
-1
-1
-1
-1
-1
-1
-1
-1
-1
-1
-1
-1
-1
-1
-1
-1
-1
-1
-1
-1
-1
-1
-1
-1
-1
-1
-1
-1
-1
-1
-1
-1
-1
-1
-1
-1
-1
-1
-1
-1
-1
-1
-1
-1
-1
-1
-1
-1
-1
-1
-1
-1
-1
-1
-1
-1
-1
-1
-1
-1
-1
-1
-1
-1
-1
-1
-1
-1
-1
-1
-1
-1
-1
-1
-1
-1
-1
-1
-1
-1
-1
-1
-1
-1
-1
-1
-1
-1
-1
-1
-1
-1
-1
-1
-1
-1
-1
-1
-1
-1
-1
-1
-1
-1
-1
-1
-1
-1
-1
-1
-1
-1
-1
-1
-1
-1
-1
-1
-1
-1
-1
-1
-1
-1
-1
-1
-1
-1
-1
-1
-1
-1
-1
-1
-1
-1
-1
-1
-1
-1
-1
-1
-1
